 <pre>

 Contingency table for Visibility (m)
 Selection: METCOOP    267 stations
Period: 20240801-20240820
Used {00,06,12,18} + 00 01 ... 12
 Limits    1000.00000       5000.00000       10000.0000       20000.0000    
 Each class is data <= limit, the very last > last limit
 Total number of values      237491
                                     OBSERVATION
                                    821      497      528      593      842 |      3281
                                    848     1479     2007     2572     2852 |      9758
                     MNWC_prod      667     1173     2382     4586     8669 |     17477
                                    783     1453     2930     8857    36693 |     50716
                                    964     1974     3436    20998   128887 |    156259

                    SUM            4083     6576    11283    37606   177943 |    237491
                                     OBSERVATION
                                    719      430      407      518      626 |      2700
                                    781     1281     1858     2268     2555 |      8743
                   MNWC2_preop      722     1247     2318     4522     8373 |     17182
                                    823     1605     3182     9164    36747 |     51521
                                   1038     2013     3518    21134   129642 |    157345

                    SUM            4083     6576    11283    37606   177943 |    237491

