 <pre>

 Contingency table for Rh2m (%)
 Selection: METCOOP    519 stations
Period: 20240801-20240820
Used {00,06,12,18} + 00 01 ... 12
 Limits    30.0000000       50.0000000       65.0000000       75.0000000       85.0000000       95.0000000       100.000000    
 Each class is data <= limit, the very last > last limit
 Total number of values      515692
                                              OBSERVATION
                                    150      172        1        0        0        0        0        0 |       323
                                    352    22615     8863      547       97       22        1        0 |     32497
                                      5    10830    49110    15027     3656     1142      214        0 |     79984
                     MNWC_prod        4      986    20195    38473    21337     6624     1452        0 |     89071
                                      1      187     4773    24699    52346    28736     6429        0 |    117171
                                      0       50     1272     6588    27938    64097    29481        0 |    129426
                                      0        4      169      921     4979    21568    35792        0 |     63433
                                      0        0        1       42      219      925     2600        0 |      3787

                    SUM             512    34844    84384    86297   110572   123114    75969        0 |    515692
                                              OBSERVATION
                                    152      251        2        0        0        0        0        0 |       405
                                    347    21538     8224      653      154       43        1        0 |     30960
                                     12    11496    47676    14277     4176     1537      340        0 |     79514
                   MNWC2_preop        0     1166    21263    38794    22274     7516     1793        0 |     92806
                                      1      306     5389    24363    51908    31297     7902        0 |    121166
                                      0       79     1618     7067    26930    62394    31161        0 |    129249
                                      0        8      209     1087     4928    19494    32483        0 |     58209
                                      0        0        3       56      202      833     2289        0 |      3383

                    SUM             512    34844    84384    86297   110572   123114    75969        0 |    515692

