 <pre>

 Contingency table for Low clouds (octas)
 Selection: METCOOP    232 stations
Period: 20240801-20240820
Used {00,06,12,18} + 01 02 ... 12
 Limits    1.00000000       2.00000000       3.00000000       4.00000000       5.00000000       6.00000000       7.00000000    
 Each class is data <= limit, the very last > last limit
 Total number of values      174118
                                              OBSERVATION
                                  82810     3355     2512     1823     1666     1261     1801     2276 |     97504
                                   5598      677      648      478      427      331      572      704 |      9435
                                   3724      573      482      374      327      278      490      551 |      6799
                     MNWC_prod     3120      510      477      405      350      293      506      594 |      6255
                                   2844      565      476      411      389      305      532      570 |      6092
                                   2666      546      503      379      333      299      604      660 |      5990
                                   3021      674      676      501      532      517      950     1052 |      7923
                                   6604     2442     2469     2224     2238     2242     5575    10326 |     34120

                    SUM          110387     9342     8243     6595     6262     5526    11030    16733 |    174118
                                              OBSERVATION
                                  82980     3408     2604     1925     1647     1321     2006     2845 |     98736
                                   5354      682      576      447      449      360      595      757 |      9220
                                   3470      516      486      343      345      276      447      566 |      6449
                   MNWC2_preop     2997      512      482      349      337      256      486      532 |      5951
                                   2686      544      448      399      340      304      503      549 |      5773
                                   2571      522      503      384      405      319      596      663 |      5963
                                   3150      690      640      531      497      428      840     1023 |      7799
                                   7179     2468     2504     2217     2242     2262     5557     9798 |     34227

                    SUM          110387     9342     8243     6595     6262     5526    11030    16733 |    174118

