 <pre>

 Contingency table for Cloud base (m)
 Selection: METCOOP    235 stations
Period: 20240801-20240820
Used {00,06,12,18} + 01 02 ... 12
 Limits    70.0000000       150.000000       300.000000       600.000000       1000.00000       1500.00000       2500.00000       5000.00000    
 Each class is data <= limit, the very last > last limit
 Total number of values      165716
                                                       OBSERVATION
                                    825      172      147       50       17       12       36      108      781 |      2148
                                    213      283      413       89       31       16        8       29       63 |      1145
                                    181      570     1744      948      156       60       62       68      175 |      3964
                                    160      407     2272     3773     1263      401      305      294      591 |      9466
                     MNWC_prod      119      241      982     2686     3858     1496      796      673     1383 |     12234
                                    238      238      662     1256     2123     3766     1948     1225     2577 |     14033
                                    230      198      576     1067     1160     2080     4356     2075     3581 |     15323
                                    187      174      470      816      889     1216     2100     6040     2367 |     14259
                                   1560      685     1443     2648     3072     5758     6725     8033    63220 |     93144

                    SUM            3713     2968     8709    13333    12569    14805    16336    18545    74738 |    165716
                                                       OBSERVATION
                                    694      129      102       42       16       15       19       79      705 |      1801
                                    165      193      319       81       23       14       12       23       49 |       879
                                    156      541     1561      902      162       78       72       70      140 |      3682
                                    150      383     2155     3491     1402      432      361      316      627 |      9317
                   MNWC2_preop      134      229     1071     2747     3796     1744      897      796     1450 |     12864
                                    187      227      731     1407     2028     3807     1940     1195     2782 |     14304
                                    240      277      692     1118     1275     2020     4272     2280     3604 |     15778
                                    315      260      583      955      984     1367     2290     6411     3012 |     16177
                                   1672      729     1495     2590     2883     5328     6473     7375    62369 |     90914

                    SUM            3713     2968     8709    13333    12569    14805    16336    18545    74738 |    165716

